[3.8 48.0 25.0 5.482067512397437 621208.472265160 -138507.503650161
 4.45466062880036]
[3.7 48.0 25.0 5.222698176685769 632571.740678397 -149870.772063398
 4.25333026770009]
[3.7 48.0 26.0 5.284225933007136 631363.951937386 -148662.983322387
 4.35307953352516]
[3.7 48.0 27.0 5.34546293966952 630124.188821618 -147423.220206619
 4.45873755305854]
[3.7 49.0 25.0 5.88519002349196 638482.334638799 -155781.366023800
 4.31021403714313]
[3.7 49.0 26.0 5.949348849684966 637305.855793267 -154604.887178268
 4.41065612210083]
[3.7 50.0 25.0 6.583727956767849 644963.197514051 -162262.228899052
 4.37461632152834]
[3.7 50.0 26.0 6.650514398192553 643822.256858190 -161121.288243191
 4.47588080706305]
[3.6 48.0 26.0 5.0583361042557895 644065.250779849 -161364.282164850
 4.18117345787029]
[3.6 48.0 27.0 5.129767225992222 642984.564907293 -160283.596292294
 4.28231408634644]
[3.6 48.0 28.0 5.201052798411798 641873.781926609 -159172.813311610
 4.38932730269550]
[3.6 49.0 25.0 5.6671243325144065 651488.169130926 -168787.200515927
 4.15083124035975]
[3.6 49.0 26.0 5.741163342260458 650472.381143413 -167771.412528414
 4.24686247355628]
[3.6 49.0 27.0 5.815142129116458 649429.074342630 -166728.105727631
 4.34889971961145]
[3.6 49.0 28.0 5.888987423580405 648356.452716131 -165655.484101132
 4.45689459103521]
[3.6 50.0 25.0 6.384336998012641 658472.171447405 -175771.202832406
 4.22364241504375]
[3.6 50.0 26.0 6.460899048822033 657497.940370939 -174796.971755940
 4.32062632286591]
[3.6 50.0 27.0 6.537412316979296 656497.061322545 -173796.092707546
 4.42370713352969]
[3.5 48.0 28.0 5.022198594753647 656304.797452535 -173603.828837536
 4.24301778289578]
[3.5 49.0 25.0 5.476242158483746 665914.655632647 -183213.687017648
 4.02501071069825]
[3.5 49.0 26.0 5.559833375929113 665071.974761770 -182371.006146771
 4.11693160160454]
[3.5 49.0 27.0 5.643586626534747 664206.130725622 -181505.162110623
 4.21488868393901]
[3.5 49.0 28.0 5.72743754829832 663315.605126389 -180614.636511390
 4.31885492359037]
[3.5 49.0 29.0 5.811317502337754 662398.760761425 -179697.792146426
 4.42880792700118]
[3.5 50.0 25.0 6.2118957156095505 673456.153577356 -190755.184962357
 4.10617748346765]
[3.5 50.0 26.0 6.297893785554476 672661.975005329 -189961.006390330
 4.19917946793544]
[3.5 50.0 27.0 6.384063846926402 671845.750101556 -189144.781486557
 4.29831602382206]
[3.5 50.0 28.0 6.47034206549062 671006.029202962 -188305.060587963
 4.40356501269615]
[3.4 49.0 25.0 5.316384324439127 681995.476134464 -199294.507519465
 3.93322406143127]
[3.4 49.0 26.0 5.409133988051229 681340.758731179 -198639.790116180
 4.02132984438080]
[3.4 49.0 27.0 5.502270822064936 680667.777076445 -197966.808461446
 4.11550965028940]
[3.4 49.0 28.0 5.595739576745307 679975.328311479 -197274.359696480
 4.21575859229442]
[3.4 49.0 29.0 5.689481291126331 679262.114515792 -196561.145900793
 4.32207638955171]
[3.4 50.0 25.0 6.0700438589698535 690158.211679400 -207457.243064401
 4.02285873528151]
[3.4 50.0 26.0 6.165073263880849 689560.046244274 -206859.077629275
 4.11217478002068]
[3.4 50.0 27.0 6.260497987471947 688945.024231110 -206244.055616111
 4.20767110557113]
[3.4 50.0 28.0 6.356263342296442 688312.031804602 -205611.063189603
 4.30934831619590]
[3.4 50.0 29.0 6.4523108983934545 687659.866495719 -204958.897880720
 4.41721187925530]
[3.3 49.0 25.0 5.191496490035286 700011.208667767 -217310.240052768
 3.87659585770659]
[3.3 49.0 26.0 5.2929428847735105 699562.325199605 -216861.356584606
 3.96118365530687]
[3.3 49.0 27.0 5.395002787719038 699100.729458567 -216399.760843568
 4.05189126984604]
[3.3 49.0 28.0 5.497630236418949 698625.580069903 -215924.611454904
 4.14873701918757]
[3.3 50.0 25.0 5.96250029782901 708870.411703384 -226169.443088385
 3.97498395712380]
[3.3 50.0 26.0 6.066089336378222 708487.457595485 -225786.488980486
 4.06091476226539]
[3.3 50.0 27.0 6.170297893961396 708093.544688697 -225392.576073698
 4.15308002869029]
[3.3 50.0 28.0 6.275080595046989 707687.945084362 -224986.976469363
 4.25150425176178]
[3.3 50.0 29.0 6.38038890633168 707269.872352481 -224568.903737482
 4.35621687983996]
[3.3 50.0 30.0 6.486170775942412 706838.475242272 -224137.506627273
 4.46725370993415]
[3.2 49.0 25.0 5.105566480409484 720300.937964771 -237599.969349772
 3.85697990523877]
[3.2 49.0 26.0 5.215178794170061 720079.511546976 -237378.542931977
 3.93835692998856]
[3.2 49.0 27.0 5.325630216785438 719851.716943168 -237150.748328169
 4.02590798718435]
[3.2 50.0 25.0 5.893000928948055 729946.013048853 -247245.044433854
 3.96459563993420]
[3.2 50.0 26.0 6.004609995330856 729801.504793068 -247100.536178069
 4.04745521754917]
[3.2 50.0 27.0 6.117061725011008 729652.795630194 -246951.827015195
 4.13661251595570]
[3.2 50.0 28.0 6.2303201856553025 729499.604979509 -246798.636364510
 4.23211735473509]
[3.2 50.0 29.0 6.344346884856577 729341.629454522 -246640.660839523
 4.33402471372328]
[3.1 49.0 25.0 5.0625478242264705 743277.350421481 -260576.381806482
 3.87707429070372]
[3.1 49.0 26.0 5.179726256535366 743309.716669040 -260608.748054041
 3.95556771091477]
[3.1 50.0 25.0 5.865223828854804 753815.346197062 -271114.377582063
 3.99460587824486]
[3.1 50.0 26.0 5.984245780316932 753937.594637588 -271236.626022589
 4.07473209837247]
[3.1 50.0 27.0 6.104330304589456 754063.454899917 -271362.486284918
 4.16122926418883]
[3.1 50.0 28.0 6.225451007347016 754193.169654148 -271492.201039149
 4.25417425294489]
[3.0 49.0 25.0 5.066269616315788 769446.564433869 -286745.595818870
 3.94058976637616]
[3.0 50.0 25.0 5.8827019502969975 781006.704076013 -298305.735461014
 4.06898492189692]
[3.0 50.0 26.0 6.008463938675379 781430.465655791 -298729.497040792
 4.14675439903672]
[3.0 50.0 27.0 6.135502755197086 781866.958551277 -299165.989936278
 4.23097945451361]
[3.0 50.0 28.0 6.263801599426433 782317.043615171 -299616.075000171
 4.32176609134465]
