-10.0 -0.07309237171314603
-9.0 -0.037754131550261
-8.0 -0.0024158913873759675
-7.0 0.03292234877550907
-6.000000000000001 0.06826058893839411
-5.0 0.10359882910127917
-4.0 0.13893706926416421
-3.0000000000000004 0.17427530942704925
-2.0 0.20961354958993433
-1.0 0.24495178975281937
0.0 0.2802900299157044
1.0 0.31562827007858946
2.0 0.35096651024147446
3.0000000000000004 0.38630475040435963
4.0 0.4216429905672445
5.0 0.45698123073012964
6.000000000000001 0.49231947089301475
7.0 0.5276577110558998
8.0 0.5629959512187848
9.0 0.5983341913816698
10.0 0.6336724315445548
